sample	mean_covFF	mean_covFFPE	intersection
2474	106.547364280333	94.343376149891	7240034
2561	110.479357128633	95.4913363257689	6769068
2640	115.664998018341	88.3080938989481	6756966
2685	143.418015111216	70.5963467825964	7101083
2938	107.24820384903	85.5233414546202	7257881
3050	112.43144304768	111.288563200782	6625630
3356	97.1396829748955	105.213975332669	6922354
4079	129.773288742917	80.4731889836355	6694114
4191	101.133292247555	86.5922484182244	6837727
CN	132.984372713951	51.3502457098907	5693503
CT	126.089963777908	44.8970019018672	5183853
DN	85.0887941629419	16.8350480102058	3125273
DT	64.32618677689	13.2536611739524	2709650
