q43cov13	intersect_FF	intersect_FFPE	con	dis	FN	FP	target_FF	target_FFPE	con	dis	FN	FP
2474	5418	4835	4654	8	179	135	1404	1383	1363	0	30	18
2561	4542	4418	3950	10	316	322	1311	1300	1229	2	67	65
2640	5306	5308	5294	0	11	14	1319	1319	1314	0	4	5
2685	5195	4187	3745	12	475	422	1267	1206	1117	3	114	86
2938	4608	4340	3538	165	369	611	1160	1191	996	62	90	132
3050	4677	4571	3943	26	329	497	1306	1327	1184	4	104	130
3356	4405	4409	3544	186	409	603	1202	1216	1047	35	111	131
4079	4956	4659	4087	18	441	412	1286	1252	1140	6	114	106
4191	5036	5038	5026	0	10	12	1339	1345	1338	0	1	7
CN	4404	3407	3196	7	148	138	1243	1225	1181	1	47	28
CT	4487	2971	2795	15	172	147	1227	1174	1119	2	44	51
DN	2670	1026	920	5	101	89	1151	674	628	3	57	40
DT	2124	678	581	14	133	71	1070	494	446	9	77	32
