pass	intersect_FF	intersect_FFPE	con	dis	FN	FP	target_FF	target_FFPE	con	dis	FN	FP
2474	6928	6382	5853	111	594	313	1339	1304	1287	2	45	14
2561	5738	5608	4890	81	578	484	1139	1180	1096	2	40	82
2640	5571	5348	4517	65	673	696	1057	1176	1024	5	25	147
2685	7714	5491	5085	84	2247	265	1346	1106	1078	4	264	24
2938	5969	5619	4728	255	722	548	1086	1088	984	44	58	59
3050	7117	5370	5013	72	1802	223	1434	1237	1212	5	216	19
3356	5589	5344	4493	275	633	502	1133	1057	1001	27	104	29
4079	5817	5464	4848	67	750	434	1147	1124	1078	1	65	45
4191	5916	5755	5069	79	564	501	1198	1205	1157	4	37	44
CN	4989	4386	4004	89	547	207	1108	1097	1068	3	36	26
CT	4744	3899	3541	106	629	229	1121	1096	1046	5	54	44
DN	2378	1882	1498	70	398	297	999	938	819	15	118	103
DT	2135	1925	1239	127	368	551	992	1047	732	59	140	255
