recal	intersect_FF	intersect_FFPE	con	dis	FN	FP	targeted_FF	targeted_FFPE	con	dis	FN	FP
2474	8855	8217	7405	172	835	495	1641	1627	1562	8	65	56
2561	7836	7683	6720	156	727	630	1641	1658	1553	16	71	89
2640	8559	8567	8512	3	44	52	1565	1560	1548	0	17	12
2685	8431	6732	6117	137	1773	410	1488	1311	1275	9	201	27
2938	8300	6955	5915	380	1597	558	1571	1305	1148	75	348	81
3050	7859	6751	6071	135	1349	463	1622	1427	1341	10	269	75
3356	7736	6781	5748	410	1296	522	1522	1327	1217	44	260	66
4079	8042	7000	6180	126	1499	549	1525	1352	1279	9	230	64
4191	8407	8415	8370	2	35	43	1628	1634	1618	1	9	15
CN	6617	5937	5309	133	802	367	1500	1457	1399	10	90	48
CT	6390	5170	4677	176	985	275	1462	1406	1339	8	98	58
DN	3737	2529	2198	132	857	179	1413	1202	1103	23	236	75
DT	3035	1925	1588	168	768	161	1306	1047	913	65	263	68
