recal	intersect_FF	intersect_FFPE	con	dis	FN	FP
2474	160826	151428	122859	3386	16878	11728
2561	175143	155353	120176	5288	19411	10568
2640	258478	248448	171664	5478	27321	21955
2685	203608	162782	132020	4845	28498	9832
2938	217949	200736	146904	9907	22132	14192
3050	240430	198980	156326	5153	25496	14603
3356	157719	157702	120891	9182	12533	12278
4079	221281	219616	162404	4753	21765	19495
4191	183462	178158	142550	4073	17131	14128
CN	188545	218664	144129	5255	23423	25402
CT	197029	168447	135359	5337	26644	11382
DN	99628	74758	58790	3036	15780	4470
DT	75469	56024	43115	4706	12706	4690
