recal	intersect_FF	intersect_FFPE	con	dis	FN	FP
2474	21562	21394	20289	124	707	578
2561	21547	20969	19851	266	1015	550
2640	22668	22582	21690	86	524	468
2685	22113	21072	20411	150	1084	257
2938	20518	20317	18683	847	632	458
3050	22183	22093	21059	120	581	528
3356	19907	20090	17970	827	620	755
4079	22526	22249	21308	119	654	437
4191	22304	22169	21253	145	624	510
CN	22343	22260	21273	124	663	527
CT	22466	21942	20942	174	996	523
DN	19839	17612	16376	372	2414	708
DT	17681	15347	12708	1135	2603	1069
