sample	mean_covFF	mean_covFFPE	intersection
2474	21.698323581457	19.4793941405554	204500303
2561	29.6241843812162	18.3183727228853	206852611
2640	25.94997626775	23.1099674295207	400903833
2685	35.2253736131218	15.8009139081435	249049537
2938	32.5820390304897	23.9629850928007	322326676
3050	32.9519544727533	26.4030980686262	308511694
3356	23.6914911417616	24.845138467113	211025704
4079	33.5860758003	23.6637551904	311521344
4191	28.3319467050731	25.0907834356754	227264708
CN	44.8990864729843	40.0563201908927	227512155
CT	47.0600949814391	26.2688456799698	220974542
DN	22.4248047455617	11.2226757530143	103456163
DT	17.0286324751476	9.72885552379191	90009962
