WES_FFPE_basecall	2474	2561	2640	2685	2938	3050	3356	4079	4191	CN	CT	DN	DT
A>G	0.129	0.167	0.169	0.173	0.203	0.155	0.173	0.157	0.170	0.172	0.173	0.188	0.207
G>A	0.167	0.186	0.173	0.175	0.150	0.161	0.197	0.177	0.153	0.141	0.131	0.157	0.148
C>T	0.185	0.172	0.155	0.156	0.174	0.155	0.169	0.158	0.168	0.151	0.134	0.140	0.157
T>C	0.165	0.176	0.149	0.184	0.152	0.151	0.181	0.142	0.188	0.146	0.161	0.191	0.190
A>T	0.016	0.022	0.012	0.018	0.015	0.035	0.021	0.025	0.024	0.027	0.029	0.016	0.013
A>C	0.044	0.039	0.043	0.031	0.040	0.041	0.032	0.038	0.041	0.055	0.053	0.041	0.045
T>A	0.021	0.014	0.020	0.018	0.026	0.024	0.018	0.019	0.021	0.021	0.031	0.019	0.016
T>G	0.052	0.035	0.050	0.054	0.044	0.043	0.044	0.051	0.045	0.049	0.058	0.042	0.039
G>T	0.052	0.037	0.057	0.038	0.036	0.060	0.030	0.054	0.040	0.046	0.052	0.048	0.042
G>C	0.059	0.063	0.050	0.064	0.043	0.060	0.047	0.066	0.048	0.079	0.071	0.058	0.056
C>A	0.054	0.031	0.050	0.041	0.052	0.050	0.031	0.047	0.045	0.044	0.041	0.042	0.036
C>G	0.054	0.057	0.069	0.045	0.063	0.063	0.054	0.062	0.054	0.066	0.064	0.055	0.049
count	699	953	562	707	729	634	987	682	707	710	902	687	947
